[1 1 0 ... 1 0 1]
[[    0     0]
 [ 7097 23794]]
ACCURACY:	77.02567090738403
[0 0 0 0 0 1 1 1 1 0 1 0 1 0 1 1 1 1 1 1 1 1 1 0 1 1 1 0 0 1 0 0 1 0 0 1 1
 0 0 1 1 0 0 1 0 0 1 0 1 0 0 0 0 1 0 0 0 1 1 1 0 1 1 0 0 1 1 1 1 1 1 1 0 0
 1 1 0 1 1 0 1 0 1 0 0 1 1 0 0 1 1 0 0 0 0 1 1 1 0 0 1 1 1 1 0 1 1 1 0 0 1
 1 1 1 0 1 1 1 1 1 0 0 0 1 0 1 1 1 0 1 0 1 1 1 1 0 1 1 1 1 1 0 1 1 1 1 1 0
 1 1 0 1 1 0 0 0 0 0 1 1 1 0 1 1 0 0 1 1 1 1 0 0 1 0 1 1 0 1 1 0 1 0 1 1 0
 0 1 1 0 1 1 0 1 0 1 1 0 0 0 0 1 0 1 0 0 1 0 1 1 0 1 0 0 0 1 0 1 1 1 1 1 1
 1 1 1 1 0 1 1 1 1 1 0 0 1 1 1 1 1 1 0 0 1 0 1 0 0 1 1 1 1 0 0 0 1 1 1 1 1
 1 1 0 0 1 0 1 1 1 1 0 1 0 1 0 0]
[[  0   0]
 [111 164]]
ACCURACY:	59.63636363636363
